jails: 
  penis: 
    world: flatworld
    x: -219.1121140611879
    y: -2.0142994495616096
    z: -874.6793618196076
    yaw: -238.79962
    pitch: -79.20005
