spawns: 
  default: 
    world: flatworld
    x: -178.7220002145682
    y: 4.0
    z: 158.06919664902173
    yaw: -188.24176
    pitch: 15.000006
